FFBM6750 7566 15 925
ETGA1992 6751 3 550
EHAR7947 500 13 703
RTJT9375 5005 17 916
BNFI4100 9480 2 176
HWXX5323 6817 1 183
COTF2765 3226 14 871
KYZQ1921 3701 4 971
WPGH9305 6135 2 298
FBKP9064 2201 5 592
UZFG2017 5091 3 537
LPBE1531 5404 6 957
LHQO1974 3457 2 596
YHIJ0696 2628 13 667
SZVF1169 5747 5 648
HRME3120 9004 9 598
TVBI3320 3354 4 880
JJCM7957 670 6 370
CAOA1864 8483 2 935
EGBK6407 2797 4 571
FZMD6730 5962 4 268
APAX8847 1767 4 324
NJJU1859 7025 11 776
SZVW3266 3084 1 507
VIYE0249 2325 3 360
GUQB6552 841 8 645
WEAN0152 5726 5 308
PMNP2371 331 4 554
EFCJ0796 8439 14 815
UMSY8016 329 6 594
YGRD2760 1135 2 403
QQEM3021 4909 1 899
SDHM0406 5975 9 800
RJLU7384 6736 10 659
YQKN7246 3918 5 586
BLRM6985 4055 2 286
LGHV3266 7833 3 277
GXIP7312 2774 10 662
UQOL7129 6588 11 671
KRDJ0583 5485 7 503
MYIC6479 4408 9 537
RKSK6860 3083 2 530
ACAB2926 6547 5 850
PPEX8927 6890 5 536
PQDA4615 5263 1 238
ZJGD8212 7727 13 785
QWKW9666 1617 2 439
PSKQ0407 9388 3 469
ISLB5845 7282 5 493
QAJX4371 358 6 448
ARIU2733 7407 4 272
ZBXY1119 8971 1 844
FGWH7094 3103 8 410
XYHS8874 759 8 743
LNTS2549 5521 1 956
KFYP8340 6899 1 740
SGTH6277 7894 8 983
OUAV8268 7958 1 934
XUQQ4054 8044 5 692
LKKP4612 3462 1 141
SVUQ9331 6585 3 167
PUIA2192 4256 7 618
XUTO6135 2539 6 406
EMHI4815 9638 4 618
FOGW6720 8238 1 286
SYHL5049 3442 3 517
DTKR9144 3463 1 309
GWTZ5162 4742 2 590
UZRO4898 7890 2 105
BADU5565 650 4 424
JZSZ3942 1035 10 761
WSAA8084 7070 4 204
JSQP6846 2816 4 416
IAVD8970 1188 8 644
CVES1340 9102 1 413
IIGY2806 5598 1 161
RGAN1858 1305 13 753
GMQU9526 3704 6 431
HMOX5955 4913 3 233
OXAJ9023 7899 8 568
EGOE8962 9493 3 253
DQZO6641 4317 10 500
OWBY5395 2816 3 486
SABR6074 7813 3 204
PRPZ0634 3668 3 465
SIQA7029 9825 8 605
CPGY1445 6821 1 319
CIRW6921 9828 10 521
XQEI1969 4066 9 965
ICIH7794 4305 13 909
OIBS3030 4614 8 906
SXMQ3988 8552 13 721
ZMMQ1651 2961 11 688
CXMW0756 9013 13 866
JGRK7630 4800 11 635
DYAW2716 5094 5 372
NCCI3636 5296 2 614
XRYX1829 9668 7 873
KDWS3866 5147 4 912
TIRH2083 1014 10 648
