p0 2942219 511624 3
p1 5531265 373072 26
p2 9021051 443226 20
p3 9004673 359327 9
p4 8454330 397130 14
p5 5150328 539066 9
p6 2481998 602379 27
p7 1024309 563218 24
p8 3244405 46643 6
p9 3204082 332137 8
p10 9608710 243948 20
p11 4211187 404090 2
p12 3279537 325850 19
p13 4197925 70667 4
p14 6936930 243664 3
p15 802369 410999 5
p16 7573710 202380 11
p17 7828366 528406 8
p18 1752521 348738 29
p19 8729639 485900 26
p20 5451604 224006 29
p21 9601116 187453 24
p22 9346657 70766 19
p23 6583203 376976 5
p24 2355674 10328 11
p25 5547675 56822 16
p26 780458 605652 4
p27 296644 627532 28
p28 4342836 520188 25
p29 542831 185850 25
