TIOU5824 1003289 213 106195
BMWQ9266 6796169 7700 549934
ZUFG3476 80476 4767 297914
YDZP9626 5460709 7427 742673
UWXX1648 1850056 2583 516598
SAWQ3143 4338881 2443 244255
FIXU1423 5901093 3701 411127
KBBD1431 9477856 2079 296870
WAKR8368 276513 4825 344632
IMWH0584 1304292 3633 213683
YNBJ4567 3866429 5547 426652
XZFO7183 2752100 2474 154593
AOEW7334 9855755 628 209112
UHGJ6031 8054817 1326 110454
MEPE4976 3458789 406 405715
ONZP1678 9152818 993 330848
PMWY0516 5757015 864 863497
KOYP5122 2201365 8545 949389
JSZH6533 8501237 466 232766
JMPT6834 4910511 3378 422158
AWJR3076 5647740 5792 361972
LWIK0168 5960642 1497 249414
YUJP0844 5111853 4532 251773
VJLM2208 2864147 1838 918845
KXXQ8607 7781372 7671 639230
AITZ0246 6504606 3208 267281
PYFK5395 7129606 995 110535
OKZI9709 972268 5197 371183
XGIN0991 409803 5636 352203
EBDT2065 7504049 5393 414820
YBDT2134 9875258 986 985350
VZBQ0821 4332238 6170 685445
ZAZX1295 3255900 4930 492985
EZDZ3165 3936159 2683 894248
MNWK5277 9838504 8498 708136
SCXD9745 3699375 1506 115774
WGWU9117 6821364 3769 753787
GXSO7239 4233916 6890 861140
BVJM3964 4690420 652 162890
DJMR3697 2776225 6014 859054
SATA3532 3314054 4673 934440
OALN3030 3764384 4401 314325
SSTE6851 8065679 1489 135311
ZLSP2341 5374204 2962 740394
ZTGT3711 6531602 4026 236814
YDRV4409 8493447 1968 655703
NNKX4781 8241019 1 797489
PDHO9182 7384169 2573 233862
QCJO3955 2095897 9892 760848
EMIN6326 5263481 12495 780924
EVLP9802 9789163 10462 653874
HPLZ4496 3565472 3666 610886
GYMN6124 7801801 7376 819461
ACIN6182 3765198 5447 605129
AKGQ9476 7987475 7520 501320
YJQF0974 1329356 6937 990998
USGJ4426 4282835 3355 559015
ODWZ5406 7746955 2444 203600
XTGU9513 5832231 2504 625846
LFIN2451 7742500 1916 383165
KIQW5144 3473855 3147 224784
CXRB2861 251308 8598 859710
ZZQZ4564 5922247 2804 280393
JOMG4041 7693149 3032 505236
MMGD8500 207538 565 282273
YNRQ3447 6054826 1410 469743
QLZC5330 2121786 1687 281016
KOJG7857 6309781 3174 352572
GOXV4270 8149936 3384 375919
LMHA3374 7332878 11038 788415
MOKN5330 2546329 5997 399778
SUHU4956 5295278 787 786375
AAMC7464 7902077 2727 247889
WHFD5140 6840980 6582 411340
VVKR9905 3321229 7966 885068
RKCU8613 8010223 1365 341027
PNMT5151 8749775 3765 342240
GKXL8453 8843800 8312 554090
KSNP4560 9072433 1586 528452
MSMC5656 8894120 8557 950680
BENS1179 4928374 2283 163052
UOYP9290 4329397 4370 873890
ZGJV0364 7473711 3872 297792
RZPW3165 4766247 4277 305434
LRLO4552 8291039 5729 358057
NQJG7288 8101681 1 510335
DNRS7196 7758311 2113 704281
YRSC3616 724048 8651 617919
MUHH9301 1391585 1758 219738
QHYZ1700 8401754 1703 212817
OESK8364 6304164 1 215730
JGGP5280 3055021 2886 721481
RZND9595 4587714 903 902428
LSVF1817 9630480 8881 986711
XQQR8790 5130094 4011 401015
OLNK6832 9353823 3083 770598
XFAT0976 9809129 5866 651676
HATR8401 8323807 627 208935
TKZG1939 1949470 3494 873336
RGLG1650 6618723 730 364905
