p0 14132410 514212 663333
p1 1198497 905878 1023642
p2 12210810 458262 517836
p3 6195534 130872 154428
p4 5127656 1554518 2580500
p5 2047942 1387394 2663796
p6 17057628 1127736 1556275
p7 8203902 1441700 1960712
p8 7240 530268 1039325
p9 9214780 927826 1623695
p10 18067360 1198448 2241097
p11 12178658 1593562 1800725
p12 3001357 1839016 2740133
p13 24145284 185022 301585
p14 23290416 776714 986426
p15 13115206 1461786 2397329
p16 12277098 1316958 2054454
p17 9105818 1373206 2101005
p18 9016685 1782718 2745385
p19 20181972 4096 7249
p20 12093611 641046 705150
p21 218260 91846 119399
p22 8283861 1987502 2921628
p23 15101868 359868 687347
p24 3068914 552226 982962
p25 7088927 684212 951054
p26 8121471 1225112 1629399
p27 27132192 1541170 2481283
p28 5052834 1709944 1727043
p29 22079080 853838 905068
